211
310
221
320
231
330
241
340
251
350
261
360
271
370
281
380
291
390
311
210
321
220
331
230
341
240
351
250
361
260
371
270
381
280
391
290
211
310
221
320
231
330
241
340
251
350
261
360
271
370
281
380
291
390
311
210
321
220
331
230
341
240
351
250
361
260
371
270
381
280
391
290
211
310
221
320
231
330
241
340
251
350
261
360
271
370
281
380
291
390
311
210
321
220
331
230
341
240
351
250
361
260
371
270
381
280
391
290
211
310
221
320
231
330
241
340
251
350
261
360
271
370
281
380
291
390
311
210
321
220
331
230
341
240
351
250
361
260
371
270
381
280
391
290