111
310
121
320
131
330
141
340
151
350
161
360
171
370
181
380
191
390
311
110
321
120
331
130
341
140
351
150
361
160
371
170
381
180
391
190
111
310
121
320
131
330
141
340
151
350
161
360
171
370
181
380
191
390
311
110
321
120
331
130
341
140
351
150
361
160
371
170
381
180
391
190
111
310
121
320
131
330
141
340
151
350
161
360
171
370
181
380
191
390
311
110
321
120
331
130
341
140
351
150
361
160
371
170
381
180
391
190
111
310
121
320
131
330
141
340
151
350
161
360
171
370
181
380
191
390
311
110
321
120
331
130
341
140
351
150
361
160
371
170
381
180
391
190